+13025777015

+13025755458

+13025272624

+13026754749

+13022482331

+13024961648

+13023040529

+13029808462

+13025501000

+13025757586

+13026386008

+13022850495

+13024242413

+13025482241

+13024362060

+13029630921

+13028976700

+13024846515

+13029176812

+13023071960

+13026259043

+13029170077

+13029551902

+13029505663

+13025361667

+13028148698

+13024120230

+13025011111

+13022026982

+13025580289

+13029791652

+13027534993

+13026966933

+13029066919

+13024305754

+13028530879

+13027220491

+13023250712

+13024162439
